      0/99        0G    0.1097   0.03636   0.02842    0.1744         3       640   0.02563   0.09375    0.0119  0.001768    0.1136   0.04345   0.02922
      1/99        0G     0.106   0.03738   0.02917    0.1725         3       640    0.0226     0.125   0.01336  0.001906    0.1082   0.04395   0.02899
      2/99        0G   0.09809   0.03725   0.02725    0.1626         3       640   0.03371    0.1442   0.01627   0.00355    0.1004   0.04597   0.02828
      3/99        0G   0.08987   0.04352   0.02548    0.1589         6       640   0.03548    0.2572   0.02315  0.002983   0.09721    0.0464   0.02751
      4/99        0G   0.07982   0.04064   0.02313    0.1436         5       640    0.7184    0.0625   0.06228   0.01091   0.09593    0.0458   0.02643
      5/99        0G   0.07819   0.04019    0.0211    0.1395         4       640    0.1257    0.2188    0.1117   0.02509   0.09085   0.04734   0.02526
      6/99        0G   0.08048   0.04412   0.02053    0.1451         4       640     0.689    0.2812    0.1636   0.04289   0.08879   0.04709   0.02382
      7/99        0G   0.07239   0.04086   0.01868    0.1319         3       640    0.7991    0.2812    0.2332   0.09333   0.08564   0.04733   0.02254
      8/99        0G    0.0709   0.03954   0.01643    0.1269         2       640    0.8749    0.2812    0.3324    0.1439   0.08211   0.04738   0.02151
      9/99        0G   0.06627   0.04086   0.01494    0.1221         3       640         1    0.2811    0.4364     0.226   0.07719   0.04722   0.02049
     10/99        0G   0.05779   0.03571   0.01198    0.1055         3       640    0.4628    0.5029    0.5211    0.1403   0.07577   0.04597   0.01916
     11/99        0G   0.06214   0.03199    0.0107    0.1048         3       640    0.4142    0.5956    0.5119    0.2123    0.0731   0.04429   0.01753
     12/99        0G   0.05963   0.03349  0.009746    0.1029         1       640    0.3891    0.6394    0.4783    0.1217   0.07734   0.04051   0.01604
     13/99        0G   0.05784   0.03167  0.008556   0.09807         3       640    0.5224    0.5268    0.4233    0.1978   0.07228   0.03887   0.01493
     14/99        0G    0.0572    0.0286  0.007789   0.09359         1       640    0.3782    0.5609    0.3354   0.05902    0.0728   0.03695   0.01395
     15/99        0G   0.05798   0.02871  0.006779   0.09347         9       640    0.6709    0.6409    0.6097    0.2537   0.07085   0.03586   0.01291
     16/99        0G   0.06152   0.02427  0.006042   0.09183         2       640    0.6081    0.6971    0.6332    0.2327   0.06985   0.03517   0.01203
     17/99        0G   0.06207   0.02622  0.004275   0.09256         4       640    0.7551    0.6582    0.6614    0.2747   0.07225   0.03457   0.01176
     18/99        0G   0.06279   0.02703  0.004896   0.09471         4       640    0.5406    0.6164    0.5816    0.2484   0.06948   0.03441   0.01164
     19/99        0G   0.06414    0.0254  0.004761    0.0943         3       640    0.6981    0.5962    0.6167    0.3179   0.06585   0.03484   0.01113
     20/99        0G   0.06437   0.02344  0.004554   0.09236         5       640    0.4563    0.5192    0.4278    0.2022   0.07939   0.03208   0.01098
     21/99        0G    0.0665    0.0243  0.004335   0.09513         3       640    0.5298    0.4688    0.4706    0.2559    0.0732   0.03289   0.01112
     22/99        0G   0.05882   0.02657  0.005033   0.09042         7       640    0.9203    0.4615    0.6297    0.2351   0.06913   0.03255   0.01116
     23/99        0G    0.0554   0.01987  0.004238   0.07951         2       640      0.45    0.5889    0.4441    0.2378   0.07246   0.03169   0.01132
     24/99        0G   0.06103   0.02319  0.004192   0.08841         4       640    0.5539    0.6779    0.6012    0.2499   0.06626   0.03165   0.01067
     25/99        0G   0.05854   0.01948   0.00409   0.08211         3       640    0.3815    0.6971    0.4457    0.2086   0.07194   0.03107   0.01067
     26/99        0G   0.06114   0.01982  0.004533   0.08549         6       640    0.6413    0.6082    0.5614    0.2807   0.06732    0.0308   0.01037
     27/99        0G   0.05788   0.02276  0.005031   0.08567         3       640    0.5165    0.5841    0.5257    0.3156   0.07356   0.03123   0.01049
     28/99        0G    0.0618   0.02044  0.004477   0.08671         3       640    0.4347    0.4808    0.3915    0.1325   0.07598   0.03125   0.01038
     29/99        0G   0.05493   0.01916  0.003633   0.07772         5       640    0.6851    0.5694    0.6068    0.3908   0.06215   0.03288   0.01045
     30/99        0G   0.05137   0.02106  0.004052   0.07648         5       640    0.6232    0.6971    0.6587    0.3791   0.05707   0.03343  0.009925
     31/99        0G   0.05686   0.02102  0.003673   0.08156         2       640    0.6522    0.5684     0.516    0.3082   0.06803   0.03139  0.009621
     32/99        0G   0.05707   0.02022  0.003551   0.08085         9       640    0.4796     0.601     0.407    0.1346   0.06777   0.03189  0.009957
     33/99        0G   0.06617   0.01623  0.003899    0.0863         2       640     0.368     0.601    0.4024    0.2204   0.07496   0.03044    0.0098
     34/99        0G   0.06358   0.01867  0.004196   0.08644         4       640    0.3371    0.6394    0.4529   0.09296   0.06908   0.03336  0.009661
     35/99        0G   0.05688   0.02303  0.003964   0.08387         3       640    0.9594    0.4658    0.6023    0.3792   0.06184   0.03256   0.01003
     36/99        0G   0.05685   0.01874  0.004241   0.07984         5       640     0.942    0.6391    0.6772    0.3157   0.06807   0.03115   0.01024
     37/99        0G   0.05557    0.0201  0.003726   0.07939         7       640    0.4713    0.5625    0.3823   0.09235   0.07622   0.03157   0.01031
     38/99        0G   0.06221   0.01643  0.003209   0.08185         1       640    0.8548    0.4648    0.5797    0.2086   0.07017   0.03054   0.01029
     39/99        0G   0.06322   0.01876   0.00365   0.08563         2       640    0.5248    0.6202    0.4264    0.1698   0.07119   0.03103  0.009839
     40/99        0G   0.06596   0.01969  0.004076   0.08973         8       640    0.5138    0.5817    0.4385    0.1337   0.07197   0.03087  0.009748
     41/99        0G   0.05668   0.01891  0.003542   0.07913         8       640    0.6159    0.5618    0.5588    0.3359   0.06314   0.03263  0.009859
     42/99        0G   0.05829   0.01722  0.004065   0.07958         2       640    0.7805    0.5234    0.6072     0.349   0.06264   0.03211  0.009643
     43/99        0G   0.05829   0.01851  0.003654   0.08045         8       640    0.8872    0.5817     0.631    0.2918   0.06494   0.03086  0.009674
     44/99        0G   0.05561   0.01704  0.003049    0.0757         3       640    0.8326    0.6394    0.6251    0.3754   0.06199   0.03007  0.009822
     45/99        0G   0.05972   0.01712  0.003463    0.0803         5       640    0.7483    0.5768    0.5873    0.2599   0.06985   0.02893   0.01026
     46/99        0G   0.05534   0.01419  0.002999   0.07253         2       640    0.8854    0.6061    0.6743    0.4097   0.06719   0.02816   0.01038
     47/99        0G    0.0537   0.01887  0.003278   0.07585         7       640    0.8605    0.6226    0.6677    0.4559   0.06624   0.02846   0.01059
     48/99        0G   0.05974   0.01791    0.0045   0.08215         5       640    0.9321    0.5385    0.6571    0.3728   0.07246   0.02736   0.01069
     49/99        0G   0.06542   0.01707  0.003126   0.08561         8       640    0.5878    0.6389    0.6001    0.3392   0.06984   0.02793   0.01076
     50/99        0G   0.05447   0.01531  0.003552   0.07334         5       640     0.737    0.6198    0.6493    0.4278   0.06703   0.02901   0.01094
     51/99        0G   0.05123   0.01658  0.004381   0.07219         1       640     0.877    0.6578    0.7197    0.4531   0.05999   0.02911   0.01044
     52/99        0G   0.05145   0.01716  0.003465   0.07207         5       640     0.798     0.716    0.7146    0.5218   0.06075   0.02849   0.01047
     53/99        0G   0.04447   0.01514  0.002988   0.06259         3       640    0.8755    0.6971    0.7255    0.5336    0.0567   0.02796   0.01009
     54/99        0G   0.04299   0.01519  0.002949   0.06113         3       640    0.6518    0.6394    0.5418    0.2875   0.06569   0.02945   0.01006
     55/99        0G   0.05458   0.01531  0.003064   0.07296         3       640    0.8402     0.601    0.6413    0.3743   0.06055   0.02811    0.0104
     56/99        0G   0.04896   0.01723  0.002774   0.06896         3       640    0.9103    0.6971    0.7165    0.5026   0.05772   0.02826   0.01038
     57/99        0G   0.04466   0.01669  0.002835   0.06418         3       640    0.9256    0.6971    0.7135    0.3435   0.06068   0.02889   0.01056
     58/99        0G   0.05205   0.01545  0.002835   0.07034         6       640    0.8083    0.7035    0.6517    0.3541   0.06006   0.02901   0.01006
     59/99        0G   0.04736   0.01345  0.002371   0.06318         2       640    0.7204     0.716      0.58    0.3796   0.06119   0.02901  0.009606
     60/99        0G   0.04329   0.01387  0.002122   0.05928         2       640    0.9418    0.7162     0.718    0.4387   0.05597   0.02895  0.008921
     61/99        0G    0.0456   0.01516  0.002443   0.06319         6       640     0.712    0.6958    0.6071    0.3193   0.06236    0.0296  0.008654
     62/99        0G   0.05137   0.01535  0.002894   0.06961         6       640    0.9299    0.7018    0.7286    0.4702   0.05398   0.02958  0.008637
     63/99        0G   0.04246   0.01562  0.002654   0.06074         6       640    0.9414    0.6971    0.7274    0.5344   0.05274   0.02973  0.008311
     64/99        0G   0.04259   0.01309  0.002572   0.05825         5       640    0.9445    0.7161    0.7325    0.3954   0.05523   0.02924  0.007864
     65/99        0G   0.04571   0.01353  0.002061   0.06129         5       640    0.9453    0.7163     0.729     0.473   0.05654    0.0289  0.007848
     66/99        0G   0.04028   0.01284  0.002176   0.05529         1       640    0.9216    0.7163    0.7247    0.5041   0.05444   0.02867  0.007553
     67/99        0G    0.0424   0.01389   0.00249   0.05879         4       640    0.8208    0.6851    0.6558    0.4174   0.05727   0.02884  0.007363
     68/99        0G   0.04666   0.01504  0.002491   0.06419         5       640    0.8877    0.6971     0.709    0.4429   0.05688   0.02942  0.007155
     69/99        0G   0.04196    0.0151  0.002689   0.05975         4       640    0.9917    0.7163    0.7374     0.532   0.05163   0.02889  0.007211
     70/99        0G   0.03906   0.01475  0.002211   0.05601         4       640    0.9785    0.7163    0.7428    0.4952   0.05513   0.02977  0.007209
     71/99        0G   0.04515   0.01433  0.002277   0.06175         2       640    0.9893    0.7163    0.7414    0.5214   0.05154   0.02917  0.007103
     72/99        0G   0.03722   0.01376  0.002226   0.05321         4       640     0.918    0.7163    0.7365    0.5388   0.05011   0.02905  0.006946
     73/99        0G   0.03528   0.01294  0.001845   0.05006         5       640    0.9224    0.7163    0.7444    0.5251   0.05115    0.0291  0.006889
     74/99        0G   0.03932     0.014  0.001901   0.05522         3       640    0.8774    0.6845    0.7395    0.4943   0.05213   0.02909   0.00668
     75/99        0G   0.03755   0.01425  0.002023   0.05383         8       640    0.9711    0.6538    0.7349    0.5538   0.04978   0.02901  0.006648
     76/99        0G   0.03444   0.01127  0.002019   0.04773         3       640    0.8465    0.6851    0.7065    0.4955   0.05266   0.02979   0.00671
     77/99        0G   0.04325   0.01275  0.001718   0.05772         2       640    0.8416    0.6584    0.6405    0.3261   0.06017   0.03135  0.006788
     78/99        0G   0.04125   0.01269  0.001668   0.05561         7       640    0.9544    0.6833    0.7247    0.4282   0.05159   0.03021  0.006832
     79/99        0G   0.03282   0.01277  0.001617   0.04721         1       640    0.9751    0.6737    0.7397    0.5124    0.0487   0.03016  0.006928
     80/99        0G   0.03416   0.01345  0.001929   0.04954         3       640    0.9617     0.678    0.7375     0.515   0.05147   0.03108  0.006964
     81/99        0G   0.03608   0.01422   0.00202   0.05232         6       640    0.9735    0.6675    0.7391    0.5778   0.04816   0.03077  0.006928
     82/99        0G   0.03145   0.01161  0.001383   0.04444         3       640    0.9163    0.6973    0.7375    0.5246   0.04894   0.03071  0.006968
     83/99        0G   0.03162   0.01187  0.001669   0.04516         3       640    0.9028    0.7077    0.7388    0.5586   0.04869   0.03097   0.00685
     84/99        0G   0.03843   0.01295  0.001863   0.05324         7       640    0.9251    0.6971    0.7256    0.4591   0.05102   0.03149  0.006717
     85/99        0G   0.03428   0.01301  0.001584   0.04888         6       640    0.9121    0.6969    0.7215    0.5302   0.04888   0.03097  0.006701
     86/99        0G    0.0321    0.0116  0.001685   0.04539         7       640    0.8801     0.716    0.7268    0.5584   0.04927   0.03149  0.006494
     87/99        0G     0.038     0.012  0.001456   0.05145         6       640    0.9148    0.7163    0.7224    0.5436   0.04729   0.03099  0.006474
     88/99        0G   0.03675   0.01167    0.0014   0.04982         5       640    0.9545    0.6965    0.7255    0.5674   0.04815   0.03128  0.006491
     89/99        0G   0.03411   0.01219   0.00133   0.04763         2       640     0.897    0.7163    0.7274    0.5395   0.04865   0.03171  0.006522
     90/99        0G   0.03756   0.01228  0.001655   0.05149         5       640    0.9158    0.7163    0.7227     0.544   0.04989   0.03185  0.006531
     91/99        0G   0.03293   0.01194  0.001308   0.04618         6       640    0.8774    0.7163    0.7265    0.5368   0.04775   0.03171  0.006681
     92/99        0G   0.03248   0.01148  0.001775   0.04574         4       640    0.9473    0.7163    0.7323    0.5426   0.05052    0.0309  0.006766
     93/99        0G   0.03253   0.01156  0.001267   0.04536         2       640    0.9536    0.7163    0.7287    0.5374     0.051   0.03058  0.006842
     94/99        0G   0.03613   0.01331  0.001173   0.05061         3       640    0.9982    0.7022    0.7327    0.5545   0.04968   0.02995     0.007
     95/99        0G   0.03136   0.01212  0.001339   0.04482         6       640    0.9916    0.6968    0.7287    0.5684   0.04876   0.02974   0.00707
     96/99        0G   0.03376   0.01194  0.001778   0.04747         3       640    0.9762    0.6972    0.7315    0.5572   0.05129   0.03055   0.00709
     97/99        0G   0.03603   0.01103  0.001369   0.04843         4       640    0.9505    0.6971    0.7383    0.5617   0.04896   0.03034  0.007117
     98/99        0G    0.0321   0.01223  0.001274    0.0456         4       640         1    0.6764     0.733    0.5497   0.04874   0.03044  0.007268
     99/99        0G   0.03164   0.01035  0.001894   0.04388         2       640         1     0.685    0.7365    0.5801   0.04887   0.03035  0.007645
